0.00940393482764659
0.00393042612595148
0.00137308283203909
0.00043218158407124
0.000264319415250614
0.000213288953866798
0.000249886378615981
0.000191693157669465
0.000167929731908003
0.000148688674983828
0.000148688777264463
0.000131449701950177
0.000131018196653042
0.000131433209412559
0.000130805708152611
0.00013080650685471
0.000109131764992288
0.000109015069163595
0.000109115304464848
0.000109115303838619
0.000109115304243788
0.000109115302667388
0.000109115302653971
0.000109115559690336
0.000109115559838487
0.000109115559840774
