0.0321579590941951
0.0161554973837587
0.00869652266534902
0.00486532904870296
0.0038725599349372
0.0033695040522452
0.00300775258335904
0.00274132266074397
0.00260660729698793
0.0024589615076726
0.0023924447393882
0.00232576143959848
0.00229296041161812
0.00227997103226779
0.00226430973671021
0.00224584699613752
0.00221861412079496
0.00221016439034979
0.00219607507029907
0.00218250159483293
0.00217693669540711
0.00217375507910662
0.00216979923195514
0.00216586895540697
0.00216186922679222
0.00216169120695035
