0.00911640365797286
0.0052457223010766
0.00318775011016496
0.00214494951626582
0.00189430689639931
0.00180247285510338
0.00176807688077849
0.00174588851632597
0.00173356885771928
0.00171980379259545
0.00171250321126942
0.0017026737039563
0.00169782004544413
0.00169530963370273
0.00169184366196886
0.0016907886076628
0.00168775035920448
0.00168438950119652
0.00168189624359838
0.00168056252208813
0.00167848179001088
0.00167749955962688
0.00167627761923575
0.00167576862117137
0.00167477028560142
0.00167454273159897
