0.0283448959878298
0.0152299965775788
0.00938056385820267
0.00634124893611957
0.00524378061058508
0.00458861077387647
0.00408772419191982
0.00373811643401494
0.00356333623942361
0.003365863286869
0.00327543332225969
0.00319247972400401
0.003151317527209
0.00313304104647799
0.00310457475934543
0.00306761863060145
0.00302728884573025
0.00301064024600538
0.00299252864710528
0.0029775479048417
0.00296835574168664
0.00296469298095014
0.00296042542105968
0.00295589221794737
0.00295206068492859
0.00295179746512908
